/* CG GC GU UG AU UA CI IC IU UI MU UM*/
   0  0  0  0  0  0  0  0  0  0  1  1  /*CG*/
   0  0  0  0  0  0  0  0  0  0  1  1  /*GC*/ 
   0  0  0  0  0  0  0  0  0  0  1  1  /*GU*/
   0  0  0  0  0  0  0  0  0  0  1  1  /*UG*/
   0  0  0  0  0  0  0  0  0  0  1  1  /*AU*/ 
   0  0  0  0  0  0  0  0  0  0  1  1  /*UA*/
   0  0  0  0  0  0  0  0  0  0  0  0  /*CI*/
   0  0  0  0  0  0  0  0  0  0  0  0  /*IC*/
   0  0  0  0  0  0  0  0  0  0  0  0  /*IU*/
   0  0  0  0  0  0  0  0  0  0  0  0  /*UI*/
   1  1  1  1  1  1  0  0  0  0  1  1  /*MU*/
   1  1  1  1  1  1  0  0  0  0  1  1  /*UM*/ 